000000000 //spr0
000000000
000000000
000000000
000000000 //spr1
000000000
000000000
000000000
000000000 //spr2
000000000
000000000
000000000
000000000 //spr3
000000000
000000000
000000000
000000000 //spr4
000000000
000000000
000000000
000000000 //spr5
000000000
000000000
000000000
000000000 //spr6
000000000
000000000
000000000
000000000 //spr7
000000000
000000000
000000000
000000000 //spr8
000000000
000000000
000000000
000000000 //spr9
000000000
000000000
000000000
000000000 //spr10
000000000
000000000
000000000
000000000 //spr11
000000000
000000000
000000000
000000000 //spr12
000000000
000000000
000000000
000000000 //spr13
000000000
000000000
000000000
000000000 //spr14
000000000
000000000
000000000
000000000 //spr15
000000000
000000000
000000000
000000000 //spr16
000000000
000000000
000000000
000000000 //spr17
000000000
000000000
000000000
000000000 //spr18
000000000
000000000
000000000
000000000 //spr19
000000000
000000000
000000000
000000000 //spr20
000000000
000000000
000000000
000000000 //spr21
000000000
000000000
000000000
000000000 //spr22
000000000
000000000
000000000
000000000 //spr23
000000000
000000000
000000000
000000000 //spr24
000000000
000000000
000000000
000000000 //spr25
000000000
000000000
000000000
000000000 //spr26
000000000
000000000
000000000
000000000 //spr27
000000000
000000000
000000000
000000000 //spr28
000000000
000000000
000000000
000000000 //spr29
000000000
000000000
000000000
000000000 //spr30
000000000
000000000
000000000
000000000 //spr31
000000000
000000000
000000000
000000000 //spr32
000000000
000000000
000000000
000000000 //spr33
000000000
000000000
000000000
000000000 //spr34
000000000
000000000
000000000
000000000 //spr35
000000000
000000000
000000000
000000000 //spr36
000000000
000000000
000000000
000000000 //spr37
000000000
000000000
000000000
000000000 //spr38
000000000
000000000
000000000
000000000 //spr39
000000000
000000000
000000000
000000000 //spr40
000000000
000000000
000000000
000000000 //spr41
000000000
000000000
000000000
000000000 //spr42
000000000
000000000
000000000
000000000 //spr43
000000000
000000000
000000000
000000000 //spr44
000000000
000000000
000000000
000000000 //spr45
000000000
000000000
000000000
000000000 //spr46
000000000
000000000
000000000
000000000 //spr47
000000000
000000000
000000000
000000000 //spr48
000000000
000000000
000000000
000000000 //spr49
000000000
000000000
000000000
000000000 //spr50
000000000
000000000
000000000
000000000 //spr51
000000000
000000000
000000000
000000000 //spr52
000000000
000000000
000000000
000000000 //spr53
000000000
000000000
000000000
000000000 //spr54
000000000
000000000
000000000
000000000 //spr55
000000000
000000000
000000000
000000000 //spr56
000000000
000000000
000000000
000000000 //spr57
000000000
000000000
000000000
000000000 //spr58
000000000
000000000
000000000
000000000 //spr59
000000000
000000000
000000000
000000000 //spr60
000000000
000000000
000000000
000000000 //spr61
000000000
000000000
000000000
000000000 //spr62
000000000
000000000
000000000
000000000 //spr63
000000000
000000000
000000000