00000000000000000000000000000000  //START OF PATTERN TABLE
00000000000000000000000000000000
00000000000000000000000000000000
00000000000000000000000000000000
01010101010101010101010101010101
01010101010101010101010101010101
01010101010101010101010101010101
01010101010101010101010101010101
10101010101010101010101010101010
10101010101010101010101010101010
10101010101010101010101010101010
10101010101010101010101010101010
11111111111111111111111111111111
11111111111111111111111111111111
11111111111111111111111111111111
11111111111111111111111111111111
00000011000000000000111111000000
00111111111100001111111111111100
00111111111100000000111111000000
00000011000000000000000000000000
00001111110000000011111111110000
00001111110000001111111111111100
11111111111111001111001100111100
00000011000000000000111111000000
00000011000000000000001100000000
00001111110000000011111111110000
11111111111111000011111111110000
00000011000000000000111111000000
00000000000000000000000000000000
00000011110000000000111111110000
00001111111100000000001111000000
00000000000000000000000000000000
11111111111111111111111111111111
11111100001111111111000000001111
11110000000011111111110000111111
11111111111111111111111111111111
00000000000000000000111111110000
00111100001111000011000000001100
00110000000011000011110000111100
00001111111100000000000000000000
11111111111111111111000000001111
11000011110000111100111111110011
11001111111100111100001111000011
11110000000011111111111111111111
00000000111111110000000000111111
00000000111111110011111111110011
11110000111100001111000011110000
11110000111100000011111111000000
00001111111100000011110000111100
00111100001111000011110000111100
00001111111100000000001111000000
00111111111111000000001111000000
00001111111111110000111100001111
00001111111111110000111100000000
00001111000000000011111100000000
11111111000000001111110000000000
00111111111111110011110000001111
00111111111111110011110000001111
00111100000011110011110000111111
11111100001111001111000000000000
00000011110000001111001111001111
00001111111100001111110000111111
11111100001111110000111111110000
11110011110011110000001111000000
11000000000000001111110000000000
11111111110000001111111111111100
11111111110000001111110000000000
11000000000000000000000000000000
00000000000011000000000011111100
00001111111111001111111111111100
00001111111111000000000011111100
00000000000011000000000000000000
00000011110000000000111111110000
00111111111111000000001111000000
00000011110000000011111111111100
00001111111100000000001111000000
00111100001111000011110000111100
00111100001111000011110000111100
00111100001111000000000000000000
00111100001111000000000000000000
00111111111111111111001111001111
11110011110011110011111111001111
00000011110011110000001111001111
00000011110011110000000000000000
00001111111111000011110000001111
00001111110000000011110011110000
00111100111100000000111111000000
11110000111100000011111111000000
00000000000000000000000000000000
00000000000000000000000000000000
00111111111111000011111111111100
00111111111111000000000000000000
00000011110000000000111111110000
00111111111111000000001111000000
00111111111111000000111111110000
00000011110000001111111111111111
00000011110000000000111111110000
00111111111111000000001111000000
00000011110000000000001111000000
00000011110000000000000000000000
00000011110000000000001111000000
00000011110000000000001111000000
00111111111111000000111111110000
00000011110000000000000000000000
00000000000000000000001111000000
00000000111100001111111111111100
00000000111100000000001111000000
00000000000000000000000000000000
00000000000000000000111100000000
00111100000000001111111111111100
00111100000000000000111100000000
00000000000000000000000000000000
00000000000000000000000000000000
11110000000000001111000000000000
11110000000000001111111111111100
00000000000000000000000000000000
00000000000000000000110000110000
00111100001111001111111111111111
00111100001111000000110000110000
00000000000000000000000000000000
00000000000000000000001111000000
00001111111100000011111111111100
11111111111111111111111111111111
00000000000000000000000000000000
00000000000000001111111111111111
11111111111111110011111111111100
00001111111100000000001111000000
00000000000000000000000000000000
00000000000000000000000000000000
00000000000000000000000000000000
00000000000000000000000000000000
00000000000000000000000000000000
00001111000000000011111111000000
00111111110000000000111100000000
00001111000000000000000000000000
00001111000000000000000000000000
00111100111100000011110011110000
00111100111100000000000000000000
00000000000000000000000000000000
00000000000000000000000000000000
00111100111100000011110011110000
11111111111111000011110011110000
11111111111111000011110011110000
00111100111100000000000000000000
00001111000000000011111111110000
11110000000000000011111111000000
00000000111100001111111111000000
00001111000000000000000000000000
00000000000000001111000000111100
11110000111100000000001111000000
00001111000000000011110000111100
11110000001111000000000000000000
00001111110000000011110011110000
00001111110000000011111100111100
11110011111100001111000011110000
00111111001111000000000000000000
00111100000000000011110000000000
11110000000000000000000000000000
00000000000000000000000000000000
00000000000000000000000000000000
00000011110000000000111100000000
00111100000000000011110000000000
00111100000000000000111100000000
00000011110000000000000000000000
00111100000000000000111100000000
00000011110000000000001111000000
00000011110000000000111100000000
00111100000000000000000000000000
00000000000000000011110000111100
00001111111100001111111111111111
00001111111100000011110000111100
00000000000000000000000000000000
00000000000000000000111100000000
00001111000000001111111111110000
00001111000000000000111100000000
00000000000000000000000000000000
00000000000000000000000000000000
00000000000000000000000000000000
00000000000000000000111100000000
00001111000000000011110000000000
00000000000000000000000000000000
00000000000000001111111111110000
00000000000000000000000000000000
00000000000000000000000000000000
00000000000000000000000000000000
00000000000000000000000000000000
00000000000000000000111100000000
00001111000000000000000000000000
00000000001111000000000011110000
00000011110000000000111100000000
00111100000000001111000000000000
11000000000000000000000000000000
00111111111100001111000000111100
11110000111111001111001111111100
11111111001111001111110000111100
00111111111100000000000000000000
00001111000000000011111100000000
00001111000000000000111100000000
00001111000000000000111100000000
11111111111100000000000000000000
00111111110000001111000011110000
00000000111100000000111111000000
00111100000000001111000011110000
11111111111100000000000000000000
00111111110000001111000011110000
00000000111100000000111111000000
00000000111100001111000011110000
00111111110000000000000000000000
00000011111100000000111111110000
00111100111100001111000011110000
11111111111111000000000011110000
00000011111111000000000000000000
11111111111100001111000000000000
11111111110000000000000011110000
00000000111100001111000011110000
00111111110000000000000000000000
00001111110000000011110000000000
11110000000000001111111111000000
11110000111100001111000011110000
00111111110000000000000000000000
11111111111100001111000011110000
00000000111100000000001111000000
00001111000000000000111100000000
00001111000000000000000000000000
00111111110000001111000011110000
11110000111100000011111111000000
11110000111100001111000011110000
00111111110000000000000000000000
00111111110000001111000011110000
11110000111100000011111111110000
00000000111100000000001111000000
00111111000000000000000000000000
00000000000000000000111100000000
00001111000000000000000000000000
00000000000000000000111100000000
00001111000000000000000000000000
00000000000000000000111100000000
00001111000000000000000000000000
00000000000000000000111100000000
00001111000000000011110000000000
00000011110000000000111100000000
00111100000000001111000000000000
00111100000000000000111100000000
00000011110000000000000000000000
00000000000000000000000000000000
11111111111100000000000000000000
00000000000000001111111111110000
00000000000000000000000000000000
00111100000000000000111100000000
00000011110000000000000011110000
00000011110000000000111100000000
00111100000000000000000000000000
00111111110000001111000011110000
00000000111100000000001111000000
00001111000000000000000000000000
00001111000000000000000000000000
00111111111100001111000000111100
11110011111111001111001111111100
11110011111111001111000000000000
00111111110000000000000000000000
00001111000000000011111111000000
11110000111100001111000011110000
11111111111100001111000011110000
11110000111100000000000000000000
11111111111100000011110000111100
00111100001111000011111111110000
00111100001111000011110000111100
11111111111100000000000000000000
00001111111100000011110000111100
11110000000000001111000000000000
11110000000000000011110000111100
00001111111100000000000000000000
11111111110000000011110011110000
00111100001111000011110000111100
00111100001111000011110011110000
11111111110000000000000000000000
11111111111111000011110000001100
00111100110000000011111111000000
00111100110000000011110000001100
11111111111111000000000000000000
11111111111111000011110000001100
00111100110000000011111111000000
00111100110000000011110000000000
11111111000000000000000000000000
00001111111100000011110000111100
11110000000000001111000000000000
11110000111111000011110000111100
00001111111111000000000000000000
11110000111100001111000011110000
11110000111100001111111111110000
11110000111100001111000011110000
11110000111100000000000000000000
00111111110000000000111100000000
00001111000000000000111100000000
00001111000000000000111100000000
00111111110000000000000000000000
00000011111111000000000011110000
00000000111100000000000011110000
11110000111100001111000011110000
00111111110000000000000000000000
11111100001111000011110000111100
00111100111100000011111111000000
00111100111100000011110000111100
11111100001111000000000000000000
11111111000000000011110000000000
00111100000000000011110000000000
00111100000011000011110000111100
11111111111111000000000000000000
11110000001111001111110011111100
11111111111111001111111111111100
11110011001111001111000000111100
11110000001111000000000000000000
11110000001111001111110000111100
11111111001111001111001111111100
11110000111111001111000000111100
11110000001111000000000000000000
00001111110000000011110011110000
11110000001111001111000000111100
11110000001111000011110011110000
00001111110000000000000000000000
11111111111100000011110000111100
00111100001111000011111111110000
00111100000000000011110000000000
11111111000000000000000000000000
00111111110000001111000011110000
11110000111100001111000011110000
11110011111100000011111111000000
00000011111100000000000000000000
11111111111100000011110000111100
00111100001111000011111111110000
00111100111100000011110000111100
11111100001111000000000000000000
00111111110000001111000011110000
00111100000000000000111100000000
00000011110000001111000011110000
00111111110000000000000000000000
11111111111100001100111100110000
00001111000000000000111100000000
00001111000000000000111100000000
00111111110000000000000000000000
11110000111100001111000011110000
11110000111100001111000011110000
11110000111100001111000011110000
11111111111100000000000000000000
11110000111100001111000011110000
11110000111100001111000011110000
11110000111100000011111111000000
00001111000000000000000000000000
11110000001111001111000000111100
11110000001111001111001100111100
11111111111111001111110011111100
11110000001111000000000000000000
11110000001111001111000000111100
00111100111100000000111111000000
00001111110000000011110011110000
11110000001111000000000000000000
11110000111100001111000011110000
11110000111100000011111111000000
00001111000000000000111100000000
00111111110000000000000000000000
11111111111111001111000000111100
11000000111100000000001111000000
00001111000011000011110000111100
11111111111111000000000000000000
00111111110000000011110000000000
00111100000000000011110000000000
00111100000000000011110000000000
00111111110000000000000000000000
11110000000000000011110000000000
00001111000000000000001111000000
00000000111100000000000000111100
00000000000011000000000000000000
00111111110000000000001111000000
00000011110000000000001111000000
00000011110000000000001111000000
00111111110000000000000000000000
00000011000000000000111111000000
00111100111100001111000000111100
00000000000000000000000000000000
00000000000000000000000000000000
00000000000000000000000000000000
00000000000000000000000000000000
00000000000000000000000000000000
00000000000000001111111111111111
00001111000000000000111100000000
00000011110000000000000000000000
00000000000000000000000000000000
00000000000000000000000000000000
00000000000000000000000000000000
00111111110000000000000011110000
00111111111100001111000011110000
00111111001111000000000000000000
11111100000000000011110000000000
00111100000000000011111111110000
00111100001111000011110000111100
11110011111100000000000000000000
00000000000000000000000000000000
00111111110000001111000011110000
11110000000000001111000011110000
00111111110000000000000000000000
00000011111100000000000011110000
00000000111100000011111111110000
11110000111100001111000011110000
00111111001111000000000000000000
00000000000000000000000000000000
00111111110000001111000011110000
11111111111100001111000000000000
00111111110000000000000000000000
00001111110000000011110011110000
00111100000000001111111100000000
00111100000000000011110000000000
11111111000000000000000000000000
00000000000000000000000000000000
00111111001111001111000011110000
11110000111100000011111111110000
00000000111100001111111111000000
11111100000000000011110000000000
00111100111100000011111100111100
00111100001111000011110000111100
11111100001111000000000000000000
00001111000000000000000000000000
00111111000000000000111100000000
00001111000000000000111100000000
00111111110000000000000000000000
00000000111100000000000000000000
00000000111100000000000011110000
00000000111100001111000011110000
11110000111100000011111111000000
11111100000000000011110000000000
00111100001111000011110011110000
00111111110000000011110011110000
11111100001111000000000000000000
00111111000000000000111100000000
00001111000000000000111100000000
00001111000000000000111100000000
00111111110000000000000000000000
00000000000000000000000000000000
11110000111100001111111111111100
11111111111111001111001100111100
11110000001111000000000000000000
00000000000000000000000000000000
11111111110000001111000011110000
11110000111100001111000011110000
11110000111100000000000000000000
00000000000000000000000000000000
00111111110000001111000011110000
11110000111100001111000011110000
00111111110000000000000000000000
00000000000000000000000000000000
11110011111100000011110000111100
00111100001111000011111111110000
00111100000000001111111100000000
00000000000000000000000000000000
00111111001111001111000011110000
11110000111100000011111111110000
00000000111100000000001111111100
00000000000000000000000000000000
11110011111100000011111100111100
00111100001111000011110000000000
11111111000000000000000000000000
00000000000000000000000000000000
00111111111100001111000000000000
00111111110000000000000011110000
11111111110000000000000000000000
00000011000000000000111100000000
00111111111100000000111100000000
00001111000000000000111100110000
00000011110000000000000000000000
00000000000000000000000000000000
11110000111100001111000011110000
11110000111100001111000011110000
00111111001111000000000000000000
00000000000000000000000000000000
11110000111100001111000011110000
11110000111100000011111111000000
00001111000000000000000000000000
00000000000000000000000000000000
11110000001111001111001100111100
11111111111111001111111111111100
00111100111100000000000000000000
00000000000000000000000000000000
11110000001111000011110011110000
00001111110000000011110011110000
11110000001111000000000000000000
00000000000000000000000000000000
11110000111100001111000011110000
11110000111100000011111111110000
00000000111100001111111111000000
00000000000000000000000000000000
11111111111100001100001111000000
00001111000000000011110000110000
11111111111100000000000000000000
00000011111100000000111100000000
00001111000000001111110000000000
00001111000000000000111100000000
00000011111100000000000000000000
00000011110000000000001111000000
00000011110000000000000000000000
00000011110000000000001111000000
00000011110000000000000000000000
11111100000000000000111100000000
00001111000000000000001111110000
00001111000000000000111100000000
11111100000000000000000000000000
00111111001111001111001111110000
00000000000000000000000000000000
00000000000000000000000000000000
00000000000000000000000000000000
00000000000000000000001100000000
00001111110000000011110011110000
11110000001111001111000000111100
11111111111111000000000000000000
00111111110000001111000011110000
11110000000000001111000011110000
00111111110000000000001111000000
00000000111100000011111111000000
00000000000000001111000011110000
00000000000000001111000011110000
11110000111100001111000011110000
00111111111111000000000000000000
00000011111100000000000000000000
00111111110000001111000011110000
11111111111100001111000000000000
00111111110000000000000000000000
00111111111111001111000000001111
00001111111100000000000000111100
00001111111111000011110000111100
00001111111111110000000000000000
11110000111100000000000000000000
00111111110000000000000011110000
00111111111100001111000011110000
00111111111111000000000000000000
11111100000000000000000000000000
00111111110000000000000011110000
00111111111100001111000011110000
00111111111111000000000000000000
00001111000000000000111100000000
00111111110000000000000011110000
00111111111100001111000011110000
00111111111111000000000000000000
00000000000000000000000000000000
00111111110000001111000000000000
11110000000000000011111111000000
00000000111100000000111111000000
00111111111111001111000000001111
00001111111100000011110000111100
00111111111111000011110000000000
00001111111100000000000000000000
11110000111100000000000000000000
00111111110000001111000011110000
11111111111100001111000000000000
00111111110000000000000000000000
11111100000000000000000000000000
00111111110000001111000011110000
11111111111100001111000000000000
00111111110000000000000000000000
11110000111100000000000000000000
00111111000000000000111100000000
00001111000000000000111100000000
00111111110000000000000000000000
00111111111100001111000000111100
00001111110000000000001111000000
00000011110000000000001111000000
00001111111100000000000000000000
11111100000000000000000000000000
00111111000000000000111100000000
00001111000000000000111100000000
00111111110000000000000000000000
11110000001111000000111111000000
00111100111100001111000000111100
11111111111111001111000000111100
11110000001111000000000000000000
00001111000000000000111100000000
00000000000000000011111111000000
11110000111100001111111111110000
11110000111100000000000000000000
00000011111100000000000000000000
11111111111100000011110000000000
00111111110000000011110000000000
11111111111100000000000000000000
00000000000000000000000000000000
00111111111111110000000011110000
00111111111111111111000011110000
00111111111111110000000000000000
00001111111111000011110011110000
11110000111100001111111111111100
11110000111100001111000011110000
11110000111111000000000000000000
00111111110000001111000011110000
00000000000000000011111111000000
11110000111100001111000011110000
00111111110000000000000000000000
00000000000000001111000011110000
00000000000000000011111111000000
11110000111100001111000011110000
00111111110000000000000000000000
00000000000000001111110000000000
00000000000000000011111111000000
11110000111100001111000011110000
00111111110000000000000000000000
00111111110000001111000011110000
00000000000000001111000011110000
11110000111100001111000011110000
00111111111111000000000000000000
00000000000000001111110000000000
00000000000000001111000011110000
11110000111100001111000011110000
00111111111111000000000000000000
00000000000000001111000011110000
00000000000000001111000011110000
11110000111100000011111111110000
00000000111100001111111111000000
11110000000011110000001111000000
00001111111100000011110000111100
00111100001111000000111111110000
00000011110000000000000000000000
11110000111100000000000000000000
11110000111100001111000011110000
11110000111100001111000011110000
00111111110000000000000000000000
00000011110000000000001111000000
00111111111111001111000000000000
11110000000000000011111111111100
00000011110000000000001111000000
00001111110000000011110011110000
00111100001100001111111100000000
00111100000000001111110000111100
11111111111100000000000000000000
11110000111100001111000011110000
00111111110000001111111111110000
00001111000000001111111111110000
00001111000000000000111100000000
11111111110000001111000011110000
11110000111100001111111111001100
11110000001111001111000011111111
11110000001111001111000000111111
00000000111111000000001111001111
00000011110000000000111111110000
00000011110000000000001111000000
11110011110000000011111100000000
00000011111100000000000000000000
00111111110000000000000011110000
00111111111100001111000011110000
00111111111111000000000000000000
00001111110000000000000000000000
00111111000000000000111100000000
00001111000000000000111100000000
00111111110000000000000000000000
00000000000000000000001111110000
00000000000000000011111111000000
11110000111100001111000011110000
00111111110000000000000000000000
00000000000000000000001111110000
00000000000000001111000011110000
11110000111100001111000011110000
00111111111111000000000000000000
00000000000000001111111111000000
00000000000000001111111111000000
11110000111100001111000011110000
11110000111100000000000000000000
11111111111100000000000000000000
11110000111100001111110011110000
11111111111100001111001111110000
11110000111100000000000000000000
00001111111100000011110011110000
00111100111100000000111111111100
00000000000000000011111111111100
00000000000000000000000000000000
00001111110000000011110011110000
00111100111100000000111111000000
00000000000000000011111111110000
00000000000000000000000000000000
00001111000000000000000000000000
00001111000000000011110000000000
11110000000000001111000011110000
00111111110000000000000000000000
00000000000000000000000000000000
00000000000000001111111111110000
11110000000000001111000000000000
00000000000000000000000000000000
00000000000000000000000000000000
00000000000000001111111111110000
00000000111100000000000011110000
00000000000000000000000000000000
11110000000011111111000000111100
11110000111100001111001111111100
00001111000011110011110000111100
11110000111100000000000011111111
11110000000011111111000000111100
11110000111100001111001111001111
00001111001111110011110011111111
11110000111111110000000000001111
00000011110000000000001111000000
00000000000000000000001111000000
00000011110000000000001111000000
00000011110000000000000000000000
00000000000000000000111100001111
00111100001111001111000011110000
00111100001111000000111100001111
00000000000000000000000000000000
00000000000000001111000011110000
00111100001111000000111100001111
00111100001111001111000011110000
00000000000000000000000000000000
00001100000011001100000011000000
00001100000011001100000011000000
00001100000011001100000011000000
00001100000011001100000011000000
00110011001100111100110011001100
00110011001100111100110011001100
00110011001100111100110011001100
00110011001100111100110011001100
11110011110011110011111100111111
11110011110011111111110011111100
11110011110011110011111100111111
11110011110011111111110011111100
00000011110000000000001111000000
00000011110000000000001111000000
00000011110000000000001111000000
00000011110000000000001111000000
00000011110000000000001111000000
00000011110000000000001111000000
11111111110000000000001111000000
00000011110000000000001111000000
00000011110000000000001111000000
11111111110000000000001111000000
11111111110000000000001111000000
00000011110000000000001111000000
00001111001111000000111100111100
00001111001111000000111100111100
11111111001111000000111100111100
00001111001111000000111100111100
00000000000000000000000000000000
00000000000000000000000000000000
11111111111111000000111100111100
00001111001111000000111100111100
00000000000000000000000000000000
11111111110000000000001111000000
11111111110000000000001111000000
00000011110000000000001111000000
00001111001111000000111100111100
11111111001111000000000000111100
11111111001111000000111100111100
00001111001111000000111100111100
00001111001111000000111100111100
00001111001111000000111100111100
00001111001111000000111100111100
00001111001111000000111100111100
00000000000000000000000000000000
11111111111111000000000000111100
11111111001111000000111100111100
00001111001111000000111100111100
00001111001111000000111100111100
11111111001111000000000000111100
11111111111111000000000000000000
00000000000000000000000000000000
00001111001111000000111100111100
00001111001111000000111100111100
11111111111111000000000000000000
00000000000000000000000000000000
00000011110000000000001111000000
11111111110000000000001111000000
11111111110000000000000000000000
00000000000000000000000000000000
00000000000000000000000000000000
00000000000000000000000000000000
11111111110000000000001111000000
00000011110000000000001111000000
00000011110000000000001111000000
00000011110000000000001111000000
00000011111111110000000000000000
00000000000000000000000000000000
00000011110000000000001111000000
00000011110000000000001111000000
11111111111111110000000000000000
00000000000000000000000000000000
00000000000000000000000000000000
00000000000000000000000000000000
11111111111111110000001111000000
00000011110000000000001111000000
00000011110000000000001111000000
00000011110000000000001111000000
00000011111111110000001111000000
00000011110000000000001111000000
00000000000000000000000000000000
00000000000000000000000000000000
11111111111111110000000000000000
00000000000000000000000000000000
00000011110000000000001111000000
00000011110000000000001111000000
11111111111111110000001111000000
00000011110000000000001111000000
00000011110000000000001111000000
00000011111111110000001111000000
00000011111111110000001111000000
00000011110000000000001111000000
00001111001111000000111100111100
00001111001111000000111100111100
00001111001111110000111100111100
00001111001111000000111100111100
00001111001111000000111100111100
00001111001111110000111100000000
00001111111111110000000000000000
00000000000000000000000000000000
00000000000000000000000000000000
00001111111111110000111100000000
00001111001111110000111100111100
00001111001111000000111100111100
00001111001111000000111100111100
11111111001111110000000000000000
11111111111111110000000000000000
00000000000000000000000000000000
00000000000000000000000000000000
11111111111111110000000000000000
11111111001111110000111100111100
00001111001111000000111100111100
00001111001111000000111100111100
00001111001111110000111100000000
00001111001111110000111100111100
00001111001111000000111100111100
00000000000000000000000000000000
11111111111111110000000000000000
11111111111111110000000000000000
00000000000000000000000000000000
00001111001111000000111100111100
11111111001111110000000000000000
11111111001111110000111100111100
00001111001111000000111100111100
00000011110000000000001111000000
11111111111111110000000000000000
11111111111111110000000000000000
00000000000000000000000000000000
00001111001111000000111100111100
00001111001111000000111100111100
11111111111111110000000000000000
00000000000000000000000000000000
00000000000000000000000000000000
11111111111111110000000000000000
11111111111111110000001111000000
00000011110000000000001111000000
00000000000000000000000000000000
00000000000000000000000000000000
11111111111111110000111100111100
00001111001111000000111100111100
00001111001111000000111100111100
00001111001111000000111100111100
00001111111111110000000000000000
00000000000000000000000000000000
00000011110000000000001111000000
00000011111111110000001111000000
00000011111111110000000000000000
00000000000000000000000000000000
00000000000000000000000000000000
00000011111111110000001111000000
00000011111111110000001111000000
00000011110000000000001111000000
00000000000000000000000000000000
00000000000000000000000000000000
00001111111111110000111100111100
00001111001111000000111100111100
00001111001111000000111100111100
00001111001111000000111100111100
11111111111111110000111100111100
00001111001111000000111100111100
00000011110000000000001111000000
11111111111111110000001111000000
11111111111111110000001111000000
00000011110000000000001111000000
00000011110000000000001111000000
00000011110000000000001111000000
11111111110000000000000000000000
00000000000000000000000000000000
00000000000000000000000000000000
00000000000000000000000000000000
00000011111111110000001111000000
00000011110000000000001111000000
11111111111111111111111111111111
11111111111111111111111111111111
11111111111111111111111111111111
11111111111111111111111111111111
00000000000000000000000000000000
00000000000000000000000000000000
11111111111111111111111111111111
11111111111111111111111111111111
11111111000000001111111100000000
11111111000000001111111100000000
11111111000000001111111100000000
11111111000000001111111100000000
00000000111111110000000011111111
00000000111111110000000011111111
00000000111111110000000011111111
00000000111111110000000011111111
11111111111111111111111111111111
11111111111111111111111111111111
00000000000000000000000000000000
00000000000000000000000000000000
00000000000000000000000000000000
00111111001111001111001111110000
11110000110000001111001111110000
00111111001111000000000000000000
00000000000000000011111111000000
11110000111100001111111111000000
11110000111100001111111111000000
11110000000000001111000000000000
00000000000000001111111111110000
11110000111100001111000000000000
11110000000000001111000000000000
11110000000000000000000000000000
00000000000000001111111111111100
00111100111100000011110011110000
00111100111100000011110011110000
00111100111100000000000000000000
11111111111100001111000011110000
00111100000000000000111100000000
00111100000000001111000011110000
11111111111100000000000000000000
00000000000000000000000000000000
00111111111111001111001111000000
11110011110000001111001111000000
00111111000000000000000000000000
00000000000000000011110000111100
00111100001111000011110000111100
00111100001111000011111111110000
00111100000000001111000000000000
00000000000000000011111100111100
11110011111100000000001111000000
00000011110000000000001111000000
00000011110000000000000000000000
11111111111100000000111100000000
00111111110000001111000011110000
11110000111100000011111111000000
00001111000000001111111111110000
00001111110000000011110011110000
11110000001111001111111111111100
11110000001111000011110011110000
00001111110000000000000000000000
00001111110000000011110011110000
11110000001111001111000000111100
00111100111100000011110011110000
11111100111111000000000000000000
00000011111100000000111100000000
00000011110000000011111111110000
11110000111100001111000011110000
00111111110000000000000000000000
00000000000000000000000000000000
00111111111111001111001111001111
11110011110011110011111111111100
00000000000000000000000000000000
00000000001111000000000011110000
00111111111111001111001111001111
11110011110011110011111111111100
00111100000000001111000000000000
00001111110000000011110000000000
11110000000000001111111111000000
11110000000000000011110000000000
00001111110000000000000000000000
00111111110000001111000011110000
11110000111100001111000011110000
11110000111100001111000011110000
11110000111100000000000000000000
00000000000000001111111111110000
00000000000000001111111111110000
00000000000000001111111111110000
00000000000000000000000000000000
00001111000000000000111100000000
11111111111100000000111100000000
00001111000000000000000000000000
11111111111100000000000000000000
00111100000000000000111100000000
00000011110000000000111100000000
00111100000000000000000000000000
11111111111100000000000000000000
00000011110000000000111100000000
00111100000000000000111100000000
00000011110000000000000000000000
11111111111100000000000000000000
00000000111111000000001111001111
00000011110011110000001111000000
00000011110000000000001111000000
00000011110000000000001111000000
00000011110000000000001111000000
00000011110000000000001111000000
00000011110000001111001111000000
11110011110000000011111100000000
00001111000000000000111100000000
00000000000000001111111111110000
00000000000000000000111100000000
00001111000000000000000000000000
00000000000000000011111100111100
11110011111100000000000000000000
00111111001111001111001111110000
00000000000000000000000000000000
00001111110000000011110011110000
00111100111100000000111111000000
00000000000000000000000000000000
00000000000000000000000000000000
00000000000000000000000000000000
00000000000000000000001111000000
00000011110000000000000000000000
00000000000000000000000000000000
00000000000000000000000000000000
00000000000000000000000000000000
00000011110000000000000000000000
00000000000000000000000000000000
00000000111111110000000011110000
00000000111100000000000011110000
11111100111100000011110011110000
00001111111100000000001111110000
00111111110000000011110011110000
00111100111100000011110011110000
00111100111100000000000000000000
00000000000000000000000000000000
00111111000000000000001111000000
00001111000000000011110000000000
00111111110000000000000000000000
00000000000000000000000000000000
00000000000000000000000000000000
00001111111100000000111111110000
00001111111100000000111111110000
00000000000000000000000000000000
00000000000000000000000000000000
00000000000000000000000000000000
00000000000000000000000000000000
00000000000000000000000000000000  //END OF PATTERN TABLE
00000000000000001111111111111111  //START OF PALETTE TABLE
00000000001000000100000001100000
10000000101000001100000011100000
00000000000001000000100000001100
00010000000101000001100000011100
00000000000000010000001000000011
00000000000000000000000000000000
00000000000000000000000000000000
00000000000000000000000000000000
00000000000000000000000000000000
00000000000000000000000000000000
00000000000000000000000000000000
00000000000000000000000000000000
00000000000000000000000000000000
00000000000000000000000000000000
00000000000000000000000000000000
00000000000000000000000000000000
00000000000000000000000000000000
00000000000000000000000000000000
00000000000000000000000000000000
00000000000000000000000000000000
00000000000000000000000000000000
00000000000000000000000000000000
00000000000000000000000000000000
00000000000000000000000000000000
00000000000000000000000000000000
00000000000000000000000000000000
00000000000000000000000000000000
00000000000000000000000000000000
00000000000000000000000000000000
00000000000000000000000000000000
00000000000000000000000000000000 //END OF PALETTE TABLE